************************************
	2017.10.29 21:56:05.918 周日
************************************

30
34
35
36
37
38
39
40
41
42
43
44
45
46
47
48
49
50
51
53
54
55
56
57
59
61
62
63
64
66
67
68
70
71
72
75
76
77
78
79
80
81
82
83
84
85
86
87
88
89
90
91
92
93
94
95
96
97
98
99
100
101
102
103
104
105
106
107
108
109
110
111
114
115
119
************************************
	2017.10.29 21:56:47.454 周日
************************************

33
34
39
44
51
52
55
65
66
68
77
78
85
88
91
99
102
104
110
117
119
130
132
136
143
153
154
156
165
169
176
182
187
195
************************************
	2017.10.29 21:58:08.507 周日
************************************

30
31
32
33
34
35
36
37
38
39
40
41
42
43
44
45
46
47
48
49
50
51
52
53
54
55
56
57
58
59
60
61
62
63
64
65
66
67
68
69
70
71
72
73
74
75
76
77
78
79
80
81
82
83
84
85
86
87
88
89
90
91
92
93
94
95
96
97
98
99
100
101
102
103
104
105
106
107
108
109
110
111
112
113
114
115
116
117
119
120
